 50 mb zonal wind index - CDAS                                                  
                    ORIGINAL        DATA                                        
                                                                                
YEAR   JAN   FEB   MAR   APR   MAY   JUN   JUL   AUG   SEP   OCT   NOV   DEC    
1979   7.38   8.84   6.03   5.86   5.48   1.43  -5.54  -8.78 -10.56 -11.28 -11.08 -10.58
1980  -8.64  -8.84  -7.99  -6.65  -4.70  -2.12   0.74   2.46   4.91   6.77   8.18   8.41
1981   5.57   4.27   5.02   7.27   7.53   4.25   1.93  -0.05  -0.56  -0.63  -0.62  -2.26
1982  -2.86  -5.49  -5.32  -5.03  -6.54 -11.45 -14.12 -12.07  -8.06  -3.02   2.54   5.74
1983   5.68   5.15   4.71   7.31  10.28   8.73   5.71   3.28   2.80   2.52   1.96   0.15
1984  -0.92  -1.57  -1.69  -0.04  -1.87  -6.62 -12.40 -14.65 -14.67 -13.96 -12.61  -9.98
1985  -8.00  -6.54  -4.73   0.68   4.85   5.71   5.07   5.68   6.60   8.18   8.03   6.58
1986   5.78   6.14   8.33   8.87   9.29   8.12   3.26   0.42   0.43   2.64   1.73  -0.10
1987   0.00  -0.54  -1.95  -3.68  -7.22 -10.54 -14.72 -13.43  -7.96  -1.19   3.67   3.47
1988   3.80   4.05   3.47   5.54   7.16   7.12   4.83   3.39   4.05   4.52   4.77   3.27
1989   3.59   2.14   2.43   5.63   4.45   0.32  -3.73  -5.76  -7.30  -8.02  -8.02  -8.44
1990  -7.65  -7.33  -7.25  -5.86  -0.82   2.94   4.76   5.86   5.77   7.63   9.04   8.96
1991   6.90   5.78   6.41   7.14   7.65   4.27  -0.31  -3.53  -2.58  -0.98  -0.98  -1.94
1992  -2.05  -1.82  -3.14  -3.67  -4.79  -9.21 -13.35 -14.20 -11.46  -8.00  -5.52  -1.33
1993   3.62   4.46   4.64   7.58  10.78   9.56   6.40   3.99   4.69   4.60   3.75   2.86
1994   1.84   0.62   1.18   0.17  -3.14 -10.59 -15.51 -16.93 -17.89 -14.80  -9.10  -3.79
1995   0.02   1.69   2.77   5.48   8.26   8.96   8.60   7.53   5.48   5.82   4.74   2.70
1996   2.52   2.69   1.89   3.05  -0.74  -5.87 -10.66 -13.00 -12.94 -12.90 -11.88  -9.27
1997  -8.51  -6.40  -6.38  -1.36   3.92   7.35   8.69   7.86   8.88   8.55   8.64   7.51
1998   5.13   4.07   3.85   4.68  -0.12  -8.06 -12.57 -13.77 -14.26 -14.40 -10.65  -7.32
1999  -4.04  -3.25  -0.64   2.85   7.04   8.72   8.33   7.13   7.39   8.13   7.66   7.97
2000   7.53   6.96   8.12  11.13  12.44   7.02   1.83   0.05  -0.06   0.69  -0.50  -0.72
2001  -1.88  -2.30  -2.31  -0.39  -1.28  -6.18 -10.67 -15.54 -15.11 -13.05 -11.39  -8.58
2002  -5.24  -2.92   0.52   6.05   9.36   9.40   6.99   7.59   8.14   8.39   8.03   5.98
2003   4.79   5.32   5.11   3.81   1.01  -2.28  -5.89  -7.89  -8.78  -8.68  -9.78  -9.11
2004  -7.00  -4.89  -3.69   1.34   5.88   7.65   7.84   7.98   6.22   8.10   8.11   7.88
2005   6.23   6.15   7.47   6.51   2.98  -2.43  -8.14 -10.20 -11.39 -12.29 -12.18 -12.42
2006 -13.22 -12.13 -10.18  -8.13  -3.45   2.35   5.11   5.11   8.74  10.01  10.75   9.43
2007   7.23   7.22   8.43   8.27   5.52  -1.91  -8.76 -11.57 -11.57 -11.53 -12.52 -13.96
2008 -14.94 -12.65  -9.84  -6.67  -1.79   4.45   7.49   7.23   6.65   7.30   6.91   7.73
2009   8.35   8.19   7.07   9.74  11.34   9.13   4.00   2.84   3.69   4.49   3.51   1.44
2010   1.74   0.78  -0.34  -6.57 -12.68 -17.59 -18.32 -12.51  -4.30   4.07   8.58   8.51
2011   6.00   6.02   6.31   6.25   8.24   9.30   9.35   9.06  10.00  11.46   8.50   2.40
2012   0.27  -0.56  -0.83  -0.32  -1.04  -4.25  -8.11  -9.76 -11.42 -10.51 -10.65 -11.70
2013  -9.65  -8.66  -8.32  -5.71  -3.60   1.99   5.77   7.02   7.64   8.70   9.74   9.95
2014   9.71  10.00   9.20   9.72  10.09   4.96   0.50  -0.15  -1.03  -2.32  -5.24  -8.61
2015  -9.95 -10.60 -11.21 -13.27 -16.25 -12.43  -6.13   0.58   5.83   9.14   9.32   7.61
2016   5.76   3.92   2.40  -1.83  -5.10  -7.64  -7.83  -3.60   0.21   4.53   7.11   8.70
2017   9.66   9.90   9.80  10.72  11.68   8.77   5.08   2.58   1.89   1.72   1.26   0.29
2018  -0.30  -1.10  -0.17  -1.17  -6.23 -11.97 -16.32 -18.07 -18.67 -14.35  -9.67  -5.32
2019  -3.28  -2.07   2.44   6.28  10.04  10.32   7.28   6.44   4.54   5.00   4.19   4.72
2020   1.89  -0.96  -2.16  -5.54  -9.06  -9.71  -8.12  -4.07   2.28   6.94   8.09   8.36
2021   7.25   6.25   7.53   8.26   9.41-999.90-999.90-999.90-999.90-999.90-999.90-999.90
2022-999.90-999.90-999.90-999.90-999.90-999.90-999.90-999.90-999.90-999.90-999.90-999.90
2023-999.90-999.90-999.90-999.90-999.90-999.90-999.90-999.90-999.90-999.90-999.90-999.90
2024-999.90-999.90-999.90-999.90-999.90-999.90-999.90-999.90-999.90-999.90-999.90-999.90
2025-999.90-999.90-999.90-999.90-999.90-999.90-999.90-999.90-999.90-999.90-999.90-999.90
2026-999.90-999.90-999.90-999.90-999.90-999.90-999.90-999.90-999.90-999.90-999.90-999.90
2027-999.90-999.90-999.90-999.90-999.90-999.90-999.90-999.90-999.90-999.90-999.90-999.90
2028-999.90-999.90-999.90-999.90-999.90-999.90-999.90-999.90-999.90-999.90-999.90-999.90
