"LON","LAT","WIND","SEA_LEVEL_PRESSURE","YEAR","MONTH","DAY","HOUR"
122.234375 -17.388046 19.023 1001.361 2018  2 16  0
121.506104 -17.798401 21.494 997.022 2018  2 16  6
121.098877 -18.618797 29.092 991.845 2018  2 16 12
120.708923 -19.191887 29.371 988.426 2018  2 16 18
120.340424 -19.289429 36.171 983.256 2018  2 17  0
120.357971 -19.472252 27.608 981.006 2018  2 17  6
120.561096 -19.510452 34.294 975.426 2018  2 17 12
120.977722 -19.513237 43.908 966.223 2018  2 17 18
121.490631 -19.725403 38.324 967.474 2018  2 18  0
121.849335 -20.027420 35.265 969.222 2018  2 18  6
122.355713 -20.465462 33.512 972.491 2018  2 18 12
122.524048 -21.286674 32.582 973.539 2018  2 18 18
122.556244 -22.116867 29.120 977.030 2018  2 19  0
122.627350 -22.681976 26.492 978.036 2018  2 19  6
122.875336 -22.863274 29.591 979.359 2018  2 19 12
123.482483 -23.278648 30.393 980.545 2018  2 19 18
123.706543 -23.832237 27.335 987.501 2018  2 20  0
